990521,78.50,79.00,77.00,77.56,28284400
990524,77.88,77.88,76.06,77.25,19495000
990525,76.75,79.25,76.13,76.25,25395800
990526,77.19,78.50,75.50,78.50,26011400
990527,78.25,79.44,77.50,78.38,28351100
990528,78.75,80.88,78.13,80.69,20774000
990601,80.63,80.75,78.44,78.50,18023200
990602,78.06,78.63,76.25,78.44,21406300
990603,78.38,78.94,76.13,76.38,16467200
990604,76.94,79.69,76.75,79.56,17834100
990607,79.94,81.06,79.19,80.25,16196100
990608,79.88,82.13,79.00,79.38,20758200
990609,80.13,82.63,80.00,82.31,26655400
990610,81.88,82.31,79.06,79.88,17638700
990611,80.00,80.50,77.56,78.13,17271500
990614,78.75,79.69,77.44,77.56,14184900
990615,78.06,78.88,76.69,77.69,18490500
990616,79.06,81.63,78.94,81.00,24162600
990617,80.69,83.00,80.50,82.88,22237600
990618,82.31,85.00,82.13,85.00,34558100
990621,84.88,89.00,84.88,88.94,28097200
990622,88.44,88.44,86.25,86.50,19375500
990623,85.94,87.38,85.06,86.00,16971000
990624,85.75,86.25,84.00,84.63,16779500
990625,85.38,86.44,84.38,84.94,12466500
990628,85.50,86.81,84.94,86.75,15850500
990629,86.69,88.06,86.00,88.00,19486600
990630,87.75,90.25,86.75,90.19,28805100
990701,89.88,91.50,88.38,91.19,23868900
990702,90.88,92.13,90.31,92.00,16047400
990706,92.25,92.94,89.25,89.56,22709700
990707,90.06,92.31,89.88,92.31,16917300
990708,91.81,93.00,90.69,92.56,18895200
990709,92.38,93.31,92.25,93.25,16942100
990712,93.19,94.75,92.38,94.19,21923900
990713,93.13,94.06,92.81,93.63,15422500
990714,93.75,95.00,92.50,94.94,18992600
990715,95.00,95.25,93.75,94.38,20463100
990716,95.50,99.88,95.00,99.44,57684900
990719,100.00,100.75,97.81,98.38,40590800
990720,96.44,96.75,92.31,93.31,46143700
990721,93.63,95.31,93.00,94.69,27025400
990722,94.38,94.50,90.00,91.06,30452100
990723,91.56,91.75,89.69,90.25,34416600
990726,88.88,89.81,87.63,87.63,25442500
990727,88.81,89.75,88.00,88.81,32756500
990728,89.19,90.50,88.38,90.00,31107600
990729,88.69,88.81,86.31,86.94,28984100
990730,87.63,88.63,85.50,85.81,25563700
990802,85.69,86.94,84.38,84.81,24025300
990803,85.88,86.06,84.38,84.75,27525600
990804,85.13,87.19,84.75,84.94,37786700
990805,85.38,86.38,84.75,85.75,38317000
990806,86.06,86.44,84.94,85.13,33602900
990809,85.63,85.81,83.69,83.81,19666800
990810,83.56,84.06,81.63,82.94,31371500
990811,84.00,84.69,82.31,84.19,33052600
990812,83.94,84.19,81.63,81.75,30531000
990813,82.94,85.63,82.75,84.69,32549900
990816,85.06,85.89,82.31,84.31,28660900
990817,85.44,85.50,82.94,84.56,25874500
990818,84.44,86.19,84.06,85.00,29180600
990819,84.56,85.13,83.13,83.81,35739100
990820,84.00,84.78,83.06,83.38,23036400
990823,84.31,86.63,83.88,86.44,30223500
990824,87.06,93.50,87.06,92.19,60225000
990825,93.63,96.00,93.19,95.31,40938800
990826,95.38,96.38,93.69,94.63,30623000
990827,95.06,95.13,92.38,93.25,20974200
990830,92.88,93.44,91.56,92.25,16650400
990831,91.81,93.13,90.13,92.56,23441400
990901,92.31,93.44,91.63,92.38,18303600
990902,91.50,92.56,90.69,91.81,16670400
990903,93.75,96.44,93.50,95.88,26049000
990907,94.88,96.69,93.75,94.25,23514000
990908,93.69,94.69,92.06,92.25,21284100
990909,92.44,94.14,91.80,94.06,19237600
990910,95.06,95.31,94.00,95.00,17227500
990913,94.50,94.81,93.38,93.88,13935400
990914,93.69,95.56,93.63,95.06,20103900
990915,95.50,95.75,92.38,92.63,24206900
990916,92.88,94.06,90.63,94.00,22898000
990917,94.38,96.50,93.81,96.44,39886700
990920,96.00,97.88,95.00,97.56,24300900
990921,96.56,96.56,94.13,94.63,23541400
990922,94.75,96.63,93.69,96.06,24265800
990923,96.88,96.88,90.02,91.19,35536800
990924,90.19,91.38,88.88,90.94,35138500
990927,92.00,92.94,90.88,91.44,17066100
990928,91.25,92.69,89.06,92.13,23000300
990929,91.56,92.13,89.13,89.50,18742200
990930,90.00,91.69,88.81,90.56,23727700
991001,90.19,90.63,88.31,89.98,22119500
991004,90.50,92.63,90.25,92.56,14999000
991005,92.75,93.88,89.50,91.81,21698500
991006,92.31,94.00,92.06,93.69,17750100
991007,93.69,95.06,92.69,93.75,23018200
991008,93.50,95.19,92.13,94.94,17848500
991011,94.63,95.00,94.13,94.31,9971900
991012,94.00,94.31,92.38,92.56,13834300
991013,92.00,93.13,90.31,91.06,19049200
991014,90.88,92.23,89.69,90.69,21368900
991015,89.50,89.81,87.31,88.06,36894000
991018,87.19,88.00,85.06,87.88,37656400
991019,88.25,89.25,85.25,86.31,34972800
991020,91.56,92.38,90.25,92.25,44045300
991021,90.56,93.13,90.50,93.06,30400600
991022,93.56,93.88,91.75,92.69,21825300
991025,92.00,93.56,91.13,92.44,15246100
991026,94.38,95.25,92.27,92.38,26233800
991027,91.50,91.63,89.69,90.88,27208300
991028,90.00,90.88,89.31,89.88,35285200
991029,91.44,94.00,91.25,92.56,39726300
991101,93.25,94.19,92.13,92.38,26630600
991102,92.75,94.50,91.94,92.56,23174500
991103,92.94,93.50,91.50,92.00,22258500
991104,92.31,92.75,90.31,91.75,27119700
991105,91.81,92.88,90.50,91.56,35083700
991108,84.81,90.75,84.38,89.94,121909600
991109,89.75,89.88,86.44,88.88,54884900
991110,88.13,89.13,86.44,87.13,34692700
991111,88.25,90.44,88.25,89.63,34637300
991112,89.75,90.00,87.06,89.19,24707100
991115,88.25,88.50,86.94,87.00,23540200
991116,86.94,87.75,85.88,87.31,29582600
991117,86.44,87.06,85.00,85.00,33409500
991118,84.94,85.81,84.50,84.94,32246600
991119,84.44,86.56,84.38,86.00,29113000
991122,89.63,90.38,88.44,89.81,45298300
991123,89.25,91.38,88.38,89.63,35393700
991124,89.56,92.25,89.50,91.69,26885500
991126,91.63,93.38,91.00,91.13,14257100
991129,90.13,92.06,89.50,90.19,25730100
991130,89.75,92.88,89.56,91.05,32072800
991201,91.06,93.94,90.88,93.19,24432100
991202,93.06,95.25,92.88,94.81,27736900
991203,95.81,97.13,95.73,96.13,32050300
991206,95.25,97.19,94.75,95.44,24549100
991207,94.75,94.88,92.88,93.00,28429600
991208,93.13,94.31,91.69,91.75,20477900
991209,92.00,93.31,91.44,92.75,23129100
991210,93.38,94.13,92.25,93.88,18418000
991213,93.61,96.94,92.75,96.63,26345800
991214,96.19,101.13,95.31,98.69,72058100
991215,98.56,108.75,98.50,108.44,77785800
991216,109.25,115.00,108.94,113.69,64330100
991217,116.63,117.13,113.63,115.25,52949400
991220,114.81,115.00,111.19,112.75,19716900
991221,112.38,116.63,110.63,115.88,28723000
991222,116.30,118.00,115.13,117.56,19282600
991223,117.25,119.25,116.75,117.44,15514200
991227,118.44,119.25,116.13,119.13,16101100
991228,118.75,118.81,117.06,117.50,12295500
991229,116.94,118.38,116.81,117.94,8724600
991230,117.88,119.94,117.13,117.63,11180000
991231,117.50,117.75,116.25,116.75,6258800
000103,117.38,118.63,112.00,116.56,26614200
000104,113.56,117.13,112.25,112.63,27059500
000105,111.13,116.38,109.38,113.81,32029800
000106,112.19,113.88,108.38,110.00,27488300
000107,108.63,112.25,107.31,111.44,31006800
000110,113.44,113.69,111.38,112.25,22481800
000111,111.50,114.25,108.69,109.38,23371800
000112,108.50,108.88,104.44,105.81,33266200
000113,104.38,108.63,101.50,107.81,41572000
000114,107.19,113.94,105.75,112.25,36708200
000118,111.81,116.50,111.75,115.31,40741800
000119,110.50,111.50,106.00,107.00,48784100
000120,107.06,109.69,105.88,106.00,28174900
000121,107.00,107.25,103.25,103.75,34208100
000124,103.80,105.69,100.81,101.25,31798800
000125,101.00,103.88,99.56,102.81,29911600
000126,102.44,103.50,99.13,99.38,24682500
000127,99.89,101.19,97.25,98.75,31827400
000128,98.13,100.25,97.25,98.25,29112700
000131,97.63,98.19,94.88,97.88,36597100
000201,98.50,103.25,97.69,102.94,35098300
000202,102.44,103.94,100.50,100.81,24957800
000203,102.06,104.19,100.13,103.63,24593000
000204,104.38,108.00,104.14,106.56,27682700
000207,106.81,106.88,104.25,106.63,20002900
000208,106.44,110.00,106.44,109.94,28114500
000209,109.44,109.44,103.88,104.00,27545000
000210,103.89,106.56,102.50,106.00,27263900
000211,104.88,104.88,99.13,99.94,57779500
000214,101.23,101.75,99.06,99.63,40514300
000215,99.75,100.00,98.13,98.56,35513800
000216,99.25,100.19,97.13,97.63,32601300
000217,98.50,99.69,97.14,99.63,40171700
000218,100.00,100.06,94.88,95.06,39531500
000222,95.13,97.13,92.81,93.81,33148100
000223,93.50,95.75,92.06,94.25,37923600
000224,94.25,95.88,92.00,94.75,34866600
000225,94.69,94.70,90.50,91.31,32650700
000228,90.25,92.13,88.13,91.56,38065900
000229,91.75,91.75,88.88,89.38,29218700
000301,89.63,94.09,88.94,90.81,53444900
000302,91.81,95.38,91.13,93.38,53466300
000303,94.75,98.88,93.88,96.13,50717600
000306,96.00,97.38,90.13,90.63,46804700
000307,96.13,97.50,91.94,92.88,67530500
000308,93.81,96.19,91.00,95.56,47145000
000309,95.31,100.00,95.00,100.00,44099400
000310,99.56,102.50,99.50,101.00,42794500
000313,97.63,100.25,97.50,98.00,30915900
000314,98.63,99.25,95.13,95.13,36744600
000315,94.56,96.63,93.69,95.38,26604000
000316,95.94,96.69,93.25,95.38,38650400
000317,95.25,99.50,94.50,99.38,40580800
000320,98.75,99.75,96.50,97.38,23886500
000321,96.75,103.13,96.50,102.75,40824400
000322,102.81,105.63,101.13,103.25,46987900
000323,106.81,112.88,106.63,111.88,74112000
000324,112.63,115.00,109.56,111.69,56098400
000327,107.77,108.25,103.94,104.06,55717000
000328,103.63,107.44,102.38,104.31,40557200
000329,105.19,108.94,105.13,107.19,32181900
000330,106.19,108.63,102.50,103.38,32089200
000331,106.00,108.25,104.13,106.25,32140700
000403,94.44,96.50,90.00,90.88,130059100
000404,91.56,92.00,84.94,88.56,90622200
000405,88.25,88.50,85.88,86.38,41443800
000406,87.88,88.00,85.27,86.00,33210700
000407,87.00,89.38,85.00,89.06,41306800
000410,88.63,88.63,86.00,86.06,30342700
000411,85.13,86.06,83.50,83.88,35980900
000412,82.13,82.25,78.75,79.38,76501900
000413,80.88,82.25,79.00,79.25,47158100
000414,79.13,79.50,73.25,74.13,75608900
000417,74.25,76.00,73.00,75.88,59886100
000418,76.50,81.94,75.88,80.56,45897300
000419,81.44,81.50,78.13,78.69,26857700
000420,78.63,79.88,77.50,78.94,26193700
000424,67.25,68.00,65.00,66.63,156822900
000425,68.75,69.50,67.63,69.38,79758700
000426,70.00,71.13,67.38,68.00,53545600
000427,67.44,69.94,67.38,69.81,38834900
000428,70.75,71.00,68.25,69.75,39041300
000501,72.88,74.00,71.69,73.44,53905500
000502,72.81,73.50,69.50,69.88,48858100
000503,70.38,70.81,68.81,70.56,27677400
000504,70.31,71.25,69.31,70.44,21658600
000505,70.25,71.81,69.88,71.13,18201100
000508,70.94,71.38,69.69,69.81,18093800
000509,70.19,70.44,67.50,67.81,30389200
000510,67.75,67.88,65.75,66.19,33870000
000511,66.63,68.13,65.75,67.88,29195400
000512,68.44,69.75,68.25,68.81,18943000
000515,69.00,69.44,68.00,69.38,16949800
000516,69.56,70.63,69.06,69.50,24205300
000517,68.88,69.13,67.25,67.69,26621000
000518,68.06,68.06,65.88,66.19,26820200
000519,65.38,65.94,64.50,65.06,33289000
000522,65.13,65.25,62.44,64.19,34977500
000523,63.88,65.56,63.06,63.19,28981600
000524,63.13,66.56,63.00,65.56,42741200
000525,64.56,64.75,61.13,61.50,47174400
000526,62.06,62.63,60.38,61.44,27911000
000530,62.44,64.13,62.00,63.38,34268200
000531,63.64,63.70,62.06,62.56,27484100
000601,64.38,66.00,63.81,64.56,47253600
000602,66.00,66.75,65.00,66.31,40231600
000605,66.02,68.38,66.00,66.88,32200000
000606,68.19,69.88,67.81,69.63,49509500
000607,69.25,70.75,67.13,70.50,38155300
000608,71.56,72.13,68.25,68.81,47382800
000609,69.63,69.69,68.31,68.81,17855100
000612,69.00,69.00,66.38,66.88,24630300
000613,66.75,68.00,66.13,67.88,22144600
000614,69.81,71.00,69.50,70.50,39996200
000615,70.81,72.69,70.63,72.38,32796300
000616,72.63,73.13,71.50,72.56,34355300
000619,72.56,73.81,72.00,73.69,23302400
000620,73.88,75.25,73.75,74.94,31137500
000621,77.00,82.19,76.94,80.69,80199800
000622,81.38,82.00,79.31,79.88,43657600
000623,79.94,80.06,77.00,77.69,24905800
000626,77.50,80.13,77.50,79.50,24143500
000627,79.25,80.13,78.38,78.81,15535600
000628,79.00,80.06,78.63,78.94,18729600
000629,78.25,78.94,77.06,77.19,19224500
000630,77.06,80.00,76.69,80.00,26178200
000703,79.69,80.06,79.38,80.00,7867400
000705,79.88,79.88,78.25,78.50,17412200
000706,78.88,81.69,78.50,80.94,23936600
000707,81.27,82.88,80.56,82.00,27076600
000710,80.69,81.31,79.38,79.44,26344900
000711,78.81,80.50,78.50,79.13,18582400
000712,78.25,81.00,77.19,80.31,29185100
000713,78.81,80.00,77.38,79.94,40421600
000714,79.50,79.75,78.44,78.94,25590300
000717,78.25,79.56,77.50,78.19,26996400
000718,77.63,79.50,77.44,78.50,35308600
000719,76.06,77.50,72.81,73.13,69962300
000720,73.44,75.25,73.13,74.81,27345300
000721,74.75,75.00,71.88,72.31,28050300
000724,72.06,72.13,70.00,70.56,28082800
000725,70.81,71.00,68.38,69.00,32094300
000726,69.06,69.50,67.25,67.81,42702300
000727,67.88,70.13,67.50,69.38,37168800
000728,70.94,71.81,69.63,69.69,37822800
000731,70.19,71.13,69.25,69.81,35141900
000801,69.94,70.06,68.19,68.69,23581800
000802,68.56,70.44,68.50,69.38,24134600
000803,68.19,70.38,68.13,70.25,27271700
000804,69.44,69.88,68.19,69.13,19053700
000807,70.19,71.13,69.75,70.00,26370900
000808,70.06,74.69,70.00,74.13,69019400
000809,73.75,74.88,73.13,74.25,31972800
000810,73.81,74.06,71.75,72.63,24493000
000811,72.44,72.69,71.63,72.44,17814800
000814,72.31,73.38,71.38,72.19,26713500
000815,72.00,73.00,71.50,71.63,20357100
000816,71.88,72.25,70.56,71.00,22488100
000817,71.13,72.00,70.56,71.56,18056400
000818,71.13,71.44,70.00,71.00,27219400
000821,70.69,70.81,70.06,70.63,17059800
000822,70.81,72.44,70.22,71.25,27214100
000823,70.81,71.13,70.38,70.75,18363400
000824,70.63,71.19,69.94,71.13,21202700
000825,70.69,71.69,70.56,70.63,26364700
000828,70.19,72.13,70.13,71.31,28210800
000829,71.19,72.75,70.88,70.94,29700100
000830,70.69,70.94,69.69,70.00,26749400
000831,70.88,72.00,69.69,69.81,36287700
000901,70.00,70.63,69.69,70.19,18814900
000905,70.00,70.69,69.81,70.13,25377600
000906,70.06,70.69,69.31,69.44,31480400
000907,70.00,72.06,69.44,70.06,55855600
000908,70.38,70.88,69.19,69.31,28354800
000911,69.13,69.69,68.06,68.81,24247600
000912,68.75,69.31,67.63,68.13,23390600
000913,67.56,68.75,67.19,68.25,20372400
000914,68.69,68.75,65.69,65.81,39251500
000915,65.44,65.63,63.31,64.19,49957600
000918,64.25,64.63,62.19,63.00,34518900
000919,63.63,65.75,63.38,65.00,39655600
000920,64.88,65.00,63.19,64.25,33895700
000921,64.00,65.13,63.56,64.19,24476100
000922,61.13,63.50,61.00,63.25,42238300
000925,63.25,63.50,60.44,61.25,26742100
000926,60.94,65.88,60.44,62.69,77852400
000927,63.44,63.56,59.81,60.63,53077800
000928,60.81,61.88,60.63,61.31,26180200
000929,61.00,61.31,58.63,60.31,37026800
001002,60.50,60.81,58.25,59.13,29281200
001003,59.56,59.81,56.50,56.56,42687000
001004,56.38,56.56,54.50,55.44,68226700
001005,55.50,57.25,55.25,55.38,40549700
001006,55.81,56.75,54.75,55.56,30897000
001009,55.63,55.75,53.00,54.19,29161800
001010,53.94,55.56,53.81,54.56,31033100
001011,54.00,56.94,54.00,55.75,50602900
001012,56.31,56.88,53.81,54.38,45109800
001013,53.88,54.88,52.13,53.75,52260600
001016,53.50,53.81,49.56,50.38,59879500
001017,51.88,52.44,50.25,50.44,40638300
001018,49.63,53.25,48.44,51.75,55268200
001019,58.44,62.19,58.00,61.88,128496600
001020,61.31,66.13,61.13,65.19,80189300
001023,64.63,66.25,60.69,62.13,92585200
001024,62.63,62.94,60.19,61.50,47213700
001025,61.94,63.44,60.44,61.25,83801900
001026,61.00,65.06,60.81,64.44,57413300
001027,64.69,69.19,64.63,67.69,62146200
001030,67.50,70.13,67.38,69.06,55028800
001031,69.00,69.50,68.00,68.88,52237000
001101,68.50,70.06,68.44,69.63,40654700
001102,70.38,70.84,69.63,70.31,38992600
001103,69.25,69.63,68.06,68.25,34355500
001106,68.69,70.13,68.25,69.50,37425700
001107,69.75,71.88,69.50,70.50,52165600
001108,71.13,72.38,68.00,69.44,103074700
001109,68.50,71.31,68.44,70.88,45529300
001110,69.94,70.31,66.81,67.38,46872200
001113,66.69,68.13,64.41,66.44,41682400
001114,68.00,69.81,67.31,68.81,42109300
001115,69.06,70.88,68.69,70.06,30211100
001116,69.44,71.50,68.94,68.94,46064300
001117,69.44,70.00,67.80,69.06,53262800
001120,68.13,68.50,65.56,67.19,40078600
001121,67.38,69.25,67.38,67.75,29743800
001122,66.06,69.50,66.00,68.25,38171600
001124,69.00,70.44,68.50,69.94,17219600
001127,71.44,72.25,70.63,70.69,42653800
001128,69.38,69.75,66.81,67.00,63723100
001129,66.81,67.13,63.25,65.06,49140200
001130,62.00,62.06,57.00,57.38,98600400
001201,58.06,60.63,56.06,56.63,54904900
001204,57.25,59.00,55.19,56.44,40203600
001205,59.19,60.50,58.25,59.88,50867200
001206,60.00,60.06,56.06,56.69,45280400
001207,53.44,54.00,52.25,53.13,72654200
001208,54.63,55.88,53.44,54.44,60469900
001211,55.50,58.75,55.00,58.06,47788100
001212,57.81,60.00,56.75,58.38,31553000
001213,60.50,60.50,56.81,57.25,49180200
001214,57.94,58.73,55.38,55.50,35600700
001215,51.05,52.00,47.75,49.19,58449900
001218,49.00,50.00,47.00,47.81,53593700
001219,47.44,48.00,44.50,44.81,60135900
001220,42.81,44.00,41.38,41.50,74518900
001221,40.75,45.13,40.31,43.44,81586500
001222,44.75,47.13,44.75,46.44,54775900
001226,46.88,48.56,45.88,46.88,33470800
001227,46.13,46.81,45.00,46.44,34501900
001228,45.13,46.25,43.88,44.56,38809600
001229,43.94,45.81,43.00,43.38,49988800
010102,44.13,45.00,42.88,43.38,41206600
010103,43.19,48.88,43.13,47.94,67981100
010104,47.81,50.50,46.88,48.44,56198500
010105,48.50,49.88,47.56,49.13,46707300
010108,48.94,49.75,46.69,48.94,39908800
010109,50.00,52.63,49.75,51.81,57482700
010110,51.00,53.81,50.75,52.88,45115100
010111,53.00,55.75,52.31,55.00,50927400
010112,54.88,55.00,52.50,53.50,36856000
010116,53.38,53.50,51.13,52.56,34231200
010117,53.63,54.88,52.56,52.94,36422100
010118,53.69,56.19,52.63,55.50,54894400
010119,60.00,61.44,58.88,61.00,104674400
010122,60.75,61.00,59.00,60.13,38336500
010123,59.75,60.94,58.94,60.56,35147600
010124,61.00,63.44,60.75,62.94,55227500
010125,62.75,64.00,61.56,61.81,42828700
010126,61.00,64.31,61.00,64.00,46540000
010129,63.56,64.63,63.50,64.50,42491900
010130,64.50,64.75,62.88,63.38,28638400
010131,63.00,63.75,61.00,61.06,40949400
010201,60.81,62.63,60.38,62.38,35896400
010202,62.50,63.38,60.75,60.81,35550000
010205,60.75,62.06,60.25,61.94,25699600
010206,62.06,63.81,61.69,62.56,48221000
010207,62.00,65.06,61.81,64.69,63030900
010208,63.75,64.50,62.00,62.25,44020600
010209,61.31,61.56,58.50,59.13,50287600
010212,58.81,59.44,57.19,58.75,35644700
010213,59.63,61.06,58.13,58.19,38035300
010214,57.63,59.00,56.38,58.38,30864200
010215,59.00,60.19,57.88,58.81,32813900
010216,57.00,58.25,56.13,57.31,33479200
010220,57.38,58.25,55.38,55.88,30365400
010221,55.25,58.06,55.19,56.25,31973600
010222,56.31,56.81,53.88,55.19,50408200
010223,54.44,57.50,54.31,56.75,46310300
010226,57.63,59.94,57.38,59.56,43968400
010227,59.38,61.19,58.67,59.38,49574300
010228,59.56,60.08,58.19,59.00,42304200
010301,58.56,59.50,56.25,59.36,40890800
010302,57.50,58.13,56.44,56.69,39900400
010305,57.25,58.63,56.56,57.44,24691800
010306,58.63,60.00,58.38,59.44,33390900
010307,59.88,61.13,59.31,60.69,29871800
010308,60.31,60.59,58.44,59.25,27313000
010309,57.94,58.19,54.88,56.69,51897200
010312,54.69,55.00,51.63,51.94,57188000
010313,52.19,54.75,52.00,54.19,45517800
010314,52.50,55.25,52.19,54.00,45343100
010315,55.31,56.08,53.50,53.69,35819200
010316,52.50,55.13,52.48,54.56,56424400
010319,54.50,55.50,53.13,54.31,30518200
010320,54.56,56.13,52.63,52.69,45911400
010321,52.25,53.25,49.75,50.06,62494300
010322,50.56,54.06,50.50,54.00,63181600
010323,54.94,57.00,54.38,56.56,49759800
010326,57.13,57.50,55.56,56.06,31559300
010327,56.06,58.56,55.88,58.25,47567800
010328,57.38,57.94,55.38,55.56,39340800
010329,55.38,57.19,54.56,55.38,43492500
010330,55.75,56.19,53.88,54.69,45600800
010402,54.81,56.94,54.63,55.81,37962000
010403,55.31,55.31,52.75,53.38,47093800
010404,53.38,55.00,51.06,51.94,52023300
010405,53.75,57.38,53.50,56.75,56682000
010406,56.38,57.19,55.06,56.19,46311000
010409,56.57,57.42,55.66,57.15,28147800
010410,57.95,60.09,57.78,59.68,54599700
010411,60.65,61.50,59.70,60.04,54939800
010412,59.56,62.31,59.35,62.18,43760000
010416,61.40,61.58,60.12,60.79,32928700
010417,60.52,62.11,60.04,61.48,42574600
010418,63.39,66.31,63.00,65.43,78348200
010419,65.81,69.00,65.75,68.04,79687800
010420,70.30,71.10,68.50,69.00,96459800
010423,68.11,68.47,66.90,68.25,46085600
010424,68.20,69.93,67.14,67.55,44588300
010425,67.57,69.79,67.25,69.69,38372000
010426,70.07,71.00,68.25,69.13,59368800
010427,69.53,69.68,66.21,67.12,60786200
010430,68.53,69.06,67.68,67.75,37184100
010501,67.66,70.30,67.60,70.17,41851400
010502,71.00,71.15,69.35,69.76,46432200
010503,69.25,70.18,68.14,68.53,33136700
010504,68.00,71.05,67.96,70.75,59769200
010507,70.83,72.15,70.70,71.38,54678100
010508,71.75,72.10,70.75,72.06,37542000
010509,71.24,71.30,69.86,70.40,38338300
010510,71.13,71.24,69.96,70.00,32167300
010511,69.96,70.00,68.65,69.40,25564400
010514,69.13,69.20,68.30,68.72,22484000
010515,68.74,69.30,68.00,68.27,30692800
010516,67.70,69.88,67.33,69.16,45946900
010517,69.10,70.14,67.55,68.17,53492400
010518,67.69,69.20,67.25,68.09,45302700
010521,68.05,69.99,67.75,68.79,51745800
010522,69.45,70.35,69.18,70.31,41727800
010523,70.39,71.60,69.51,69.70,46818700
010524,69.94,71.78,69.27,71.72,40390800
010525,71.66,71.90,70.36,70.91,26373800
010529,70.80,71.75,70.05,70.34,35605400
010530,69.56,70.58,68.65,69.19,43250900
010531,69.49,70.38,68.40,69.18,35341300
010601,69.60,70.70,68.70,70.34,28793800
010604,70.55,71.02,69.80,70.78,21868300
010605,70.76,73.08,70.50,72.60,44727100
010606,72.89,73.48,71.55,72.36,40011400
010607,72.12,73.73,72.08,73.68,33480000
010608,73.70,73.75,72.05,73.19,25933500
010611,72.85,72.85,71.51,72.12,23672800
010612,71.02,72.41,70.81,72.08,33357300
010613,72.05,72.30,70.64,70.69,27651200
010614,70.22,70.55,68.40,68.90,35986200
010615,67.51,68.30,66.40,68.02,54177200
010618,67.95,67.96,66.01,66.88,28423400
010619,68.21,68.85,66.85,67.32,31728700
010620,67.14,69.59,67.10,69.41,32054200
010621,69.15,70.55,68.92,69.84,34801900
010622,70.00,70.61,68.58,68.83,25546000
010625,69.10,69.81,67.77,68.85,24607800
010626,67.82,70.21,67.70,70.14,31538500
010627,69.86,71.53,69.36,71.14,34599900
010628,71.55,76.15,70.53,72.74,64487800
010629,72.60,73.41,71.40,73.00,47141900
010702,72.05,73.15,70.15,70.60,36405100
010703,70.30,70.80,69.93,70.47,14018700
010705,70.22,70.72,68.44,68.51,24621300
010706,68.30,68.40,65.67,66.06,33733900
010709,66.20,66.91,65.04,65.69,33238300
010710,65.90,66.25,64.35,64.48,33281300
010711,64.21,66.75,64.20,66.50,36911300
010712,70.70,72.05,70.33,71.60,64039000
010713,71.40,72.00,70.94,71.34,29467300
010716,71.45,72.16,70.15,71.18,27995400
010717,70.66,72.01,70.14,71.82,31620500
010718,70.60,71.50,69.87,70.57,28795400
010719,71.22,73.00,71.22,72.57,38274700
010720,68.03,69.40,67.94,69.18,62101800
010723,69.24,69.24,66.35,67.09,39999700
010724,67.00,67.99,65.70,66.32,33765100
010725,66.26,67.52,65.61,67.48,37032700
010726,67.12,67.32,65.50,66.59,38987000
010727,66.05,66.25,65.05,65.47,32698000
010730,65.65,66.88,65.54,65.80,21098200
010731,66.01,67.39,65.85,66.19,29515800
010801,66.80,66.81,65.76,66.47,27839500
010802,67.21,67.54,66.26,67.45,27099200
010803,67.30,67.36,66.00,66.89,21630200
010806,66.53,67.12,65.68,66.13,13915800
010807,66.04,67.05,65.99,66.35,15673900
010808,66.51,67.24,64.49,64.86,27498200
010809,64.98,65.55,64.30,65.01,22768100
010810,64.77,65.86,62.90,65.52,25878200
010813,65.24,65.99,64.75,65.83,16337700
010814,65.75,66.09,64.45,64.69,18240600
010815,64.71,65.05,63.20,63.20,19751500
010816,62.84,64.71,62.70,64.62,21952800
010817,63.78,64.13,61.50,61.88,26117100
010820,61.66,62.75,61.10,62.70,24185600
010821,62.70,63.20,60.71,60.78,23555900
010822,61.13,61.15,59.08,60.66,39053600
010823,60.67,61.53,59.00,59.12,25906600
010824,59.60,62.28,59.23,62.05,31699500
010827,61.90,63.36,61.57,62.31,22281400
010828,62.34,62.95,60.58,60.74,23711400
010829,61.05,61.30,59.54,60.25,24085000
010830,59.04,59.66,56.52,56.94,48816000
010831,56.85,58.06,56.30,57.05,28950400
010904,57.19,59.08,56.07,56.10,33594600
010905,56.18,58.39,55.39,57.74,44735300
010906,56.56,58.39,55.90,56.02,56178400
010907,56.11,57.36,55.31,55.40,44931900
010910,54.92,57.95,54.70,57.58,42235900
010917,54.02,55.10,52.80,52.91,63751000
010918,53.41,55.00,53.17,54.32,41591300
010919,54.46,54.70,50.60,53.87,63475100
010920,52.35,52.61,50.67,50.76,58991600
010921,47.92,50.60,47.50,49.71,92488300
010924,50.65,52.45,49.87,52.01,42790100
010925,52.27,53.00,50.16,51.30,42470300
010926,51.51,51.80,49.55,50.27,29262200
010927,50.10,50.68,48.00,49.96,40595600
010928,49.62,51.59,48.98,51.17,58320600
011001,50.94,52.50,50.41,51.79,34999800
011002,51.63,53.55,51.56,53.05,40430400
011003,52.48,56.93,52.40,56.23,48599600
011004,56.92,58.40,56.21,56.44,50889000
011005,56.16,58.00,54.94,57.72,40422200
011008,56.80,58.65,56.74,58.04,30302900
011009,57.50,57.57,54.19,54.56,49738800
011010,53.60,55.75,53.00,55.51,43174600
011011,55.76,56.84,54.59,56.32,41871300
011012,55.70,56.64,54.55,56.38,31653500
011015,55.90,58.50,55.85,58.06,34218500
011016,57.87,58.91,57.21,58.45,33084500
011017,59.12,59.30,55.98,56.03,36855300
011018,56.34,57.58,55.50,56.75,39174000
011019,57.40,58.01,55.63,57.90,45609800
011022,57.90,60.18,57.47,60.16,36161800
011023,60.47,61.44,59.40,60.43,40162500
011024,60.50,61.62,59.62,61.32,39570700
011025,60.61,62.60,59.57,62.56,37659100
011026,62.32,63.63,62.08,62.20,32254700
011029,62.10,62.20,59.54,59.64,27564700
011030,58.92,59.54,58.19,58.88,28697800
011031,59.30,60.73,58.10,58.15,32350000
011101,60.08,62.25,59.60,61.84,54835600
011102,61.93,63.02,60.51,61.40,41680000
011105,61.86,64.03,61.75,63.27,33200800
011106,62.70,64.94,62.16,64.78,34306000
011107,64.22,65.05,64.03,64.25,29449500
011108,64.46,66.06,63.66,64.42,37113900
011109,64.34,65.65,63.91,65.21,24006800
011112,64.70,66.44,63.65,65.79,28876400
011113,66.80,67.95,66.60,67.90,30079800
011114,68.23,68.34,65.79,65.95,44312800
011115,66.10,67.05,65.45,66.12,38961000
011116,66.36,66.61,64.95,65.75,29624500
011119,66.25,66.97,65.70,66.54,28002500
011120,66.45,67.80,65.03,65.40,32960900
011121,64.36,64.60,63.48,64.05,25392600
011123,64.38,64.81,63.62,64.71,7877300
011126,64.99,65.71,64.40,65.14,20991800
011127,64.79,65.07,62.75,63.74,45409500
011128,63.17,64.12,62.73,62.80,27268300
011129,63.12,64.90,62.95,64.84,27017200
011130,64.66,65.08,63.93,64.21,24117100
011203,63.83,65.23,63.80,64.77,23605900
011204,65.00,66.08,64.10,66.00,25502900
011205,66.49,68.17,65.20,68.10,37121500
011206,67.98,69.00,67.55,68.65,28013100
011207,68.25,68.84,66.55,67.83,21167400
011210,67.52,68.45,66.86,67.06,19183700
011211,67.66,68.13,67.07,67.32,27167000
011212,67.16,67.98,66.25,67.95,23942100
011213,67.13,68.24,66.07,66.27,26613900
011214,66.02,67.95,65.93,67.44,21500300
011217,67.17,69.11,67.16,68.98,28539900
011218,68.92,69.40,68.60,69.27,23627600
011219,68.62,69.89,68.45,69.49,28498100
011220,69.15,69.25,66.62,66.76,39292500
011221,68.01,68.02,67.00,67.54,42153800
011224,67.72,68.03,67.20,67.27,5850800
011226,67.42,69.07,67.39,67.68,14664000
011227,67.98,68.71,67.26,67.85,16203300
011228,68.23,68.85,67.70,67.87,14393600
011231,67.84,68.48,66.25,66.25,21503100
020102,66.65,67.11,65.51,67.04,24062000
020103,67.11,69.25,67.09,69.23,33795400
020104,69.25,69.91,68.67,68.90,26365700
020107,69.75,70.02,68.35,68.56,29254400
020108,68.69,69.86,68.00,69.38,23868200
020109,69.72,70.62,68.55,68.71,38152000
020110,68.48,69.80,68.13,69.28,25148300
020111,69.52,70.32,68.10,68.61,36496600
020114,68.30,69.04,67.74,68.47,25498900
020115,68.66,69.62,68.50,69.55,30358700
020116,68.85,69.84,67.85,67.87,30977700
020117,68.53,70.00,68.40,69.86,39479000
020118,67.10,67.85,65.42,66.10,53570200
020122,66.61,66.63,64.25,64.46,38418600
020123,64.05,64.71,63.24,63.74,40201500
020124,64.10,65.18,63.80,64.60,41943000
020125,64.19,64.85,63.51,63.80,24490600
020128,64.23,64.40,62.91,63.82,20811000
020129,63.90,64.50,61.99,62.32,29333000
020130,62.45,62.90,61.33,62.85,33050000
020131,63.06,63.81,62.12,63.71,34783100
020201,64.15,64.50,62.47,62.66,31731100
020204,62.40,62.69,60.75,61.12,35154200
020205,60.80,62.23,60.50,61.15,33386300
020206,61.61,61.89,60.25,60.40,33051500
020207,60.30,61.61,59.75,59.80,31657000
020208,60.12,60.66,58.83,60.65,30641500
020211,60.01,61.24,59.59,61.13,25449800
020212,60.49,60.85,60.02,60.14,22486900
020213,60.26,61.88,59.95,61.82,27084300
020214,62.00,62.99,61.32,61.68,28633500
020215,61.70,62.06,60.20,60.23,25089900
020219,59.91,60.14,58.60,58.93,26131300
020220,59.40,60.36,58.80,59.90,25246000
020221,59.72,60.27,58.01,58.05,29699200
020222,58.05,58.75,57.15,57.99,35673900
020225,57.94,59.89,57.89,59.08,25916100
020226,59.10,60.00,57.90,58.55,31638100
020227,59.07,60.15,57.99,58.39,32875000
020228,58.78,59.70,58.14,58.34,34034000
020301,59.05,61.42,58.85,61.37,31057800
020304,61.24,63.50,60.87,63.30,37232100
020305,63.00,63.88,62.34,63.08,27963200
020306,62.91,63.70,62.19,63.63,24917700
020307,63.67,63.88,61.86,62.72,29039600
020308,63.63,64.70,63.17,63.95,28850900
020311,63.51,65.00,63.00,64.34,21859100
020312,62.52,62.80,61.67,62.54,33203600
020313,62.08,63.02,61.95,62.10,22193700
020314,62.14,62.24,61.05,61.22,25909800
020315,61.00,62.51,60.97,62.49,34543400
020318,62.74,62.99,61.20,62.14,26148400
020319,62.18,63.00,61.50,62.23,18188200
020320,61.40,62.02,60.10,60.10,27617600
020321,60.21,61.59,59.83,61.36,23061700
020322,61.05,61.14,60.22,60.45,20670700
020325,60.48,60.78,59.15,59.23,23876200
020326,59.10,60.92,58.31,59.08,34678600
020327,58.80,59.88,58.59,59.44,23659200
020328,59.95,60.65,59.66,60.31,21950600
020401,59.83,60.40,59.20,60.38,23505000
020402,58.90,59.09,57.11,57.30,38518900
020403,57.44,57.61,55.50,56.33,38465700
020404,55.98,56.97,55.42,56.45,30881900
020405,56.89,57.30,55.84,55.87,25083000
020408,54.30,57.31,54.26,57.22,36694800
020409,57.33,57.43,54.80,54.87,31706500
020410,55.12,57.11,55.06,56.30,37818200
020411,55.89,56.45,54.50,54.79,29082900
020412,55.15,56.26,54.86,55.93,26148800
020415,56.00,56.75,55.40,55.69,23694400
020416,56.40,58.10,56.36,57.81,25960800
020417,57.95,58.28,56.42,56.63,27579300
020418,56.79,57.31,52.68,56.37,37397400
020419,57.44,57.98,56.86,57.20,52134300
